2.0760676666037656
7.507186679079907
-11.583419387248824
1.3930471484212
-0.010401981820380102
18.644579656465368
-7.147332553909771
-6.424267780316055
-5.770198811538373
12.62453376871748
-30.77758802977644
6.1080264600282055
-2.4562770147402526
1.1505717190431566
0.11137669994665422
23.825295819716217
-17.28454861940786
-0.009730863258435588
-1.2133677179234006
1.7397418314116564
-0.6793461582374324
1.961434797112367
5.352482836066081
2.443790666390271
9.373631796228482
4.6433924759652925
3.0313175259906697
-14.270113026163513
1.4943213477069723
0.2153442949082682
0.3457935612194408
0.14099217295583866
5.142972678454611
-4.889437157623115
0.461597715938468
0.3501899016530971
0.08419445633370518
-0.26901227195799876
0.5450306655577197
-0.13162738261165505
0.15905388350618266
0.6951500414427324
-0.49205963054395446
0.2781849352480786
-0.3731959064410192
0.29686343018868405
-0.2946893278063827
0.24965696773802912
0.1486556795545727
-1.0065620960032133
-0.04382603406794461
-0.3817031632552831
-0.8453795476400684
-0.017303028079003444
-0.6113610705333131
-1.469548695354638
1.5599024362166949
0.36063782208681616
-1.5408792908685147
0.8387734277377773
2.5902894691863065
-1.973043576193376
-0.4327346259630064
-0.1072184300974703
-0.9848364714354907
0.35473263045452097
-1.2605816841862527
0.4976564458275683
