-5.9544518708264045
-6.582831125964368
-17.595249183468177
-1.6470590447205748
-2.96489397929531
21.463127043182908
-8.983053833030953
-9.323524620703882
2.9176564420909092
5.8269004942520315
-37.75139615365959
-0.4201579271161454
-0.8313470508356331
0.8969049281877506
18.92480031034924
26.72909150890421
-4.761358171649249
-1.6459895244916452
-4.15296398379246
1.4358534053627332
0.38933704015022347
3.503597893310682
4.042370303319447
5.082424163008297
7.492919812170703
5.553876162190545
2.0184571678974423
-17.10775500158396
1.5944456138778464
1.4801373466191985
0.2715404420788835
3.668355197062373
10.6804030980484
-2.655410839939836
0.1813855553043025
0.1389925867423788
-0.20265691463148022
-0.2624508604915509
-0.11334301725037017
-0.16588463714931165
0.5431519306134331
0.4550023072671495
0.217069838198116
-0.016141901209314302
-0.5927539104667596
0.15065185615118346
0.018554789689823402
0.8697010860340452
0.3935945262660924
-0.9721088929062428
0.035958086745720944
-1.0528634328962474
-1.395628799542865
-1.7018237257964053
-3.5436949744340054
1.1822116621297853
0.22905918412506415
-3.6946355118419514
-1.1791607040978065
0.4226009676096993
1.7027935329548962
-3.672409961307103
0.18549382836066203
1.2114526687953417
0.9838803296818327
2.6296122784836413
-0.8556860480154463
0.24340130084834466
