-2.0187644930066977
-10.510414456613905
-6.90850033481041
-16.954703090788787
-11.353340901684673
36.40508279024735
-3.391810215806567
-15.664752954251345
1.5922245871874685
2.960081522557096
-60.95377210858315
0.20073983393885797
17.605110501672048
8.159763443067718
4.082715084620444
38.604057548879844
-15.7711184913094
-4.822699205637934
-5.549666376325424
5.3167200337027625
-0.5966408185263921
0.3230013310364544
1.5445676785726683
9.056759554983506
9.29091650749295
8.842226292234503
2.3277629284647223
-27.526646571030003
0.7131469581621345
4.0778818141482445
1.1308506075906657
2.4490473610552996
8.803293363388955
-7.306945393526942
-1.5513574660515888
-0.7449004746160853
-1.1004313854405265
-0.708709684996872
-0.1242782107558205
-0.33386846986467833
0.7931466292326921
0.2563245035157872
-0.38941581432118016
-0.8287325086616992
-2.7804129983214225
0.05391150280879087
0.8507804005311381
1.5312495571237088
-0.40079940491802046
-2.1328502256926622
-0.22199395892610096
-2.1646667897452763
-2.406688945442434
-1.0616237405365778
-1.8488246834676432
-2.6104296771342828
-1.8005088305159096
0.5467005573887569
-0.06571216424807828
-2.7464177562107692
-3.033966854340317
-4.551160621954402
0.8353402524502668
-0.2072934519256907
-0.4057503568038376
-1.0073155057857737
-4.331914410158987
-1.0179218035396458
