0.07451346841814992
5.739630966052232
-2.5572180027333338
-16.134552884762556
-5.437617984290589
29.10895146467846
-6.252528403309079
3.516690736088913
-11.814386300386577
3.2172605064622153
-30.20127092654305
4.428674783928309
0.6223191749238723
7.707673718997705
1.2445321912634415
25.108138976579713
-29.548866709836062
-1.704288498175133
-2.284634851128139
3.8369269584254604
-3.650274164880152
-0.005011129445413022
6.878097360829788
4.283364730733475
10.582915249458756
5.318003492910242
-0.0723190201114581
-15.09213705846048
1.267325151779775
0.763825647664774
3.4431891879939998
0.966034193698358
11.059580816028973
-5.873424729892662
-0.05652584321479033
-0.037608034825083285
0.5290089046335177
-0.1279492639512828
0.9165529293535817
-0.17376940736390692
0.06475364850596232
0.2560941740028317
1.6464059036856142
1.391831186776067
0.46200255300971205
0.7461009497299497
0.29011065431190297
0.9093550603015061
-0.3800004308186547
0.5918157335603736
0.02395415593620612
-0.9693569990328971
-0.7743435686925585
-0.9369627635719626
-0.5851116917347343
-0.6535357197328292
-0.4415666819765779
-0.13722280309814397
0.6440059689763
-0.8424547654748982
-1.1900842869208585
-1.7352571482617902
-0.5467539968957038
0.3169849159131112
-0.0806420020464593
-0.4634821562499976
-1.7567504893818358
0.06494696438862545
